0816008396
2634056769
2636050931
7838358661
2009002493
6125024015
2308111839
0105054282
6154562770
6126003120
6127011942
2617010387
3025006722
7714831966
6167078252
3428984080
7017099382
3018310200
6163072316
6167097417
2635804657
6143076560
2343019064
6150073320
3428004679
2315138366
2015044068
2625027088
2634042004
2015042254
2312187774
2348024149
7724681780
7708587205
0608006863
2320095615
0917012769
2627019830
3018310626
7801475111
2310097839
2301067073
2321014584
6168039672
2315153276
3433100040
2330037041
2308193373
6154097730
5609062884
2311152539
2315168716
6141051753
6166075178
3428003509
3444178922
2014004859
2311143037
7826005559
0724002355
0711059837
2311097430
2309127479
3436109072
6164312514
0562066987
2312158290
3015079136
0512085656
7709424891
2635817529
3004006859
7014035662
3443114066
2315084689
6122008174
6154109432
2308188648
2315069271
3017055388
2632802267
6141041138
7704752627
0603284031
6166081326
6109543937
2014254418
2623012671
7536082150
6731055983
3461006899
0701012357
2014257610
2635815962
3442073900
2004006825
3448033290
2635075161
2354008836
2337030060
